4294967278,361
4294967278,131
4294967278,120
4294967278,117
4294967278,477
4294967278,467
4294967278,75
4294967278,74
4294967278,72
4294967278,66
4294967278,61
4294967278,60
4294967278,59
4294967278,58
4294967278,56
4294967278,501
4294967278,174
4294967278,217
4294967279,328
4294967279,540
4294967279,75
4294967279,74
4294967279,332
4294967279,72
4294967279,526
4294967279,323
4294967279,59
4294967279,57
4294967279,333
4294967279,46
4294967279,45
4294967279,43
4294967279,36
4294967279,34
4294967279,32
4294967279,22
4294967279,21
4294967279,20
4294967279,18
4294967279,10
4294967279,8
4294967278,365
4294967278,470
4294967279,48
4294967294,1428
4294967279,574
2464,7
4294967278,328
4294967279,353
4294967279,37
4294967294,995
4294967294,1008
4294967279,35
2464,6
2464,5
2464,4
2464,3
2464,2
2464,1
4294967279,380
4294967279,25
4294967279,351
4294967279,350
4294967279,11
2461,6
2461,5
2461,4
2461,3
2461,2
2461,1
4294967279,234
4294967278,496
4294967279,327
4294967278,253
4294967278,316
2458,7
4294967278,234
4294967278,232
4294967278,226
2458,6
2458,5
4294967278,224
2458,4
2458,3
2458,2
2458,1
4294967279,349
4294967278,222
4294967294,1433
4294967278,286
4294967278,327
4294967294,1424
4294967278,199
4294967278,198
2455,6
2455,5
4294967279,195
2455,4
2455,3
2455,2
2455,1
4294967278,372
4294967278,186
4294967279,186
4294967278,185
4294967278,182
4294967294,1088
4294967279,347
2452,6
2452,5
2452,4
2452,3
2452,2
2452,1
4294967279,345
4294967278,158
4294967294,1432
4294967279,39
4294967294,1431
2449,4
2449,3
2449,2
2449,1
4294967279,382
2448,4
2448,3
2448,2
2448,1
4294967278,144
4294967279,343
4294967278,139
2447,5
4294967278,138
2447,4
2447,3
2447,2
2447,1
4294967279,133
2445,6
2445,5
4294967279,264
2445,4
4294967278,268
2445,3
2445,2
2445,1
4294967279,263
4294967278,267
4294967294,1016
4294967294,1002
4294967294,1009
2444,5
2444,4
2444,3
2444,2
2444,1
4294967279,573
2443,6
4294967279,342
2443,5
2443,4
2443,3
2443,2
2443,1
4294967279,522
4294967294,415
4294967278,124
4294967278,254
4294967279,378
2442,6
4294967278,248
2442,5
2442,4
2442,3
2442,2
2442,1
4294967278,255
4294967278,237
2441,6
2441,5
2441,4
2441,3
2441,2
2441,1
4294967279,569
4294967278,210
2440,5
2440,4
2440,3
2440,2
2440,1
4294967294,470
4294967279,201
4294967278,200
4294967294,1012
2438,4
2438,3
2438,2
2438,1
4294967294,184
4294967278,324
4294967278,323
4294967279,372
4294967278,342
4294967278,215
4294967278,129
4294967278,481
4294967278,123
4294967278,122
4294967278,118
4294967278,115
4294967278,348
4294967278,495
4294967278,101
4294967278,79
4294967278,65
4294967278,64
4294967278,63
4294967279,523
4294967279,571
4294967279,570
4294967279,214
4294967279,79
4294967279,326
4294967279,348
4294967279,53
4294967279,51
4294967278,313
4294967279,305
4294967279,513
2437,7
4294967294,388
4294967279,151
2437,6
2437,5
2437,4
2437,3
2437,2
2437,1
4294967278,140
4294967279,136
4294967279,340
4294967294,170
4294967279,565
4294967278,463
4294967279,336
4294967278,288
2434,6
2434,5
2434,4
2434,3
2434,2
2434,1
4294967279,335
4294967278,334
4294967294,437
2431,7
4294967279,248
4294967294,115
4294967294,396
4294967294,454
4294967294,180
4294967294,189
4294967294,511
4294967279,245
2431,6
2431,5
2431,4
2431,2
2431,1
4294967279,334
4294967279,316
4294967278,213
4294967278,212
4294967278,209
4294967278,319
4294967279,269
4294967278,208
4294967278,207
4294967279,207
4294967279,206
2428,6
2428,5
2428,4
2428,2
2428,1
4294967279,202
4294967278,78
4294967278,318
4294967278,356
4294967278,317
4294967278,196
4294967279,196
4294967278,195
4294967278,194
4294967279,194
4294967278,191
4294967278,192
4294967278,355
4294967278,190
4294967279,185
4294967279,518
4294967279,183
4294967278,180
4294967278,315
2425,6
2425,5
2425,4
2425,2
2425,1
4294967279,330
4294967279,549
4294967279,172
4294967279,171
4294967278,170
4294967279,170
4294967278,168
4294967279,166
4294967279,168
4294967278,167
4294967278,166
4294967278,161
2422,4
2422,3
2422,2
2422,1
4294967279,159
4294967279,158
2421,4
4294967278,156
2421,3
2421,2
2421,1
4294967279,155
4294967278,155
4294967278,151
4294967278,490
4294967279,144
2420,5
4294967278,146
2420,4
4294967279,145
2420,3
2420,2
2420,1
4294967278,145
4294967279,141
4294967278,141
2418,6
2418,5
2418,4
2418,3
2418,2
2418,1
4294967278,276
4294967294,398
4294967294,167
4294967294,112
4294967294,416
2417,5
2417,4
2417,3
2417,2
2417,1
2416,6
2416,5
2416,4
4294967279,255
2416,3
2416,2
2416,1
4294967294,1006
4294967294,1011
4294967294,182
4294967279,366
2415,6
2415,5
4294967278,359
2415,4
2415,3
2415,2
2415,1
4294967279,516
2414,6
4294967278,250
4294967279,247
2414,5
2414,4
2414,3
2414,2
2414,1
2413,5
4294967279,219
2413,4
2413,3
2413,2
2413,1
4294967279,215
4294967279,209
2411,4
2411,3
2411,2
2411,1
4294967294,406
4294967294,410
4294967294,118
4294967278,468
4294967278,482
4294967279,288
4294967278,511
4294967278,312
4294967294,424
4294967278,260
4294967279,15
4294967279,563
4294967279,4
4294967278,178
2410,7
4294967279,383
4294967278,311
4294967278,162
4294967279,162
2410,6
2410,5
2410,4
2410,3
2410,2
2410,1
4294967278,461
4294967278,310
4294967294,107
4294967294,176
4294967278,143
4294967294,99
4294967279,538
4294967278,489
4294967279,370
4294967278,507
4294967279,27
4294967279,272
4294967279,271
2407,6
2407,5
2407,4
2407,3
2407,2
2407,1
4294967278,133
4294967279,315
4294967278,287
4294967278,274
4294967279,280
4294967294,1000
4294967278,273
4294967279,277
4294967278,270
4294967279,265
4294967279,262
4294967278,285
4294967279,256
4294967278,261
4294967278,271
4294967279,253
2404,7
4294967279,352
4294967278,491
4294967279,557
4294967294,38
4294967294,37
4294967294,41
4294967294,40
4294967294,43
2404,6
2404,5
2404,4
2404,2
2404,1
4294967278,487
4294967279,314
4294967294,1421
4294967278,321
4294967279,346
4294967278,244
4294967278,242
4294967278,240
4294967294,90
4294967294,87
4294967294,86
4294967294,84
4294967294,53
4294967294,52
4294967294,51
4294967294,92
4294967279,338
4294967278,322
4294967278,218
4294967279,217
4294967279,212
2401,6
4294967278,211
2401,5
4294967279,211
2401,4
2401,2
2401,1
4294967279,210
4294967278,332
4294967279,205
4294967279,204
4294967279,200
4294967279,197
4294967294,5
4294967294,399
4294967294,187
4294967294,420
4294967294,183
4294967294,444
4294967294,1173
4294967279,192
4294967294,996
4294967279,191
4294967279,190
2398,6
4294967279,187
2398,5
2398,4
2398,2
2398,1
4294967279,313
4294967294,1427
4294967279,178
4294967278,177
4294967279,177
4294967278,176
4294967294,1426
4294967278,172
2395,4
2395,3
2395,2
2395,1
4294967279,532
2394,4
2394,3
2394,2
2394,1
4294967279,163
4294967279,554
4294967279,260
4294967278,364
4294967278,157
4294967279,157
2393,5
2393,4
2393,3
2393,2
2393,1
4294967279,150
4294967278,150
4294967279,147
4294967279,146
2391,6
4294967279,312
2391,5
4294967278,142
2391,4
2391,3
2391,2
2391,1
2390,5
2390,4
2390,3
2390,2
2390,1
4294967279,363
4294967279,530
2389,6
2389,5
2389,4
2389,3
2389,2
2389,1
4294967294,385
4294967294,178
4294967294,168
4294967294,119
4294967294,451
4294967294,418
4294967294,400
4294967294,391
4294967279,310
2388,6
2388,5
4294967278,262
2388,4
2388,3
2388,2
2388,1
4294967279,311
2387,6
4294967294,427
2387,5
2387,4
2387,3
2387,2
2387,1
2386,5
4294967294,1101
4294967294,1419
2386,4
2386,3
2386,2
2386,1
4294967294,17
4294967294,76
2384,4
2384,3
2384,2
2384,1
0,7
4294967294,1001
4294967294,186
4294967294,1
4294967294,1098
0,5
4294967294,0
4294967278,308
4294967294,390
4294967294,46
4294967294,29
4294967294,413
4294967294,28
4294967294,179
4294967294,403
4294967294,384
4294967294,116
4294967294,458
4294967294,468
4294967294,2
4294967294,44
4294967278,307
4294967294,89
4294967294,417
4294967278,306
4294967278,0
4294967294,42
4294967294,67
4294967279,527
4294967294,50
4294967294,91
4294967294,85
4294967294,419
4294967294,1175
4294967294,1174
4294967294,1017
4294967294,1003
